a = [1.0000    2.0000         0         0         0    1.0750   -1.0000
    2.0000    2.0000   -1.0000    1.0000         0    1.0750    1.0000
    3.0000    2.0000    1.0000    1.0000         0    1.0750    1.0000
    4.0000    2.0000   -1.5000    2.0000         0    1.0750    2.0000
    5.0000    2.0000   -0.5000    2.0000         0    1.0750    2.0000
    6.0000    2.0000    0.5000    2.0000         0    1.0750    3.0000];

save test.swc a -ASCII